00011111000101100000001101101111000110110001111100001111000110010000001000010100000000000110001100001101000010000001111100011110000001110111100100000110000101000001011000011110000110110110110000000000000011110000000000000011000000110001010100001100000111110111100000011111000000010000011100000001000110010000110100010111011010000000000100001000000011100000011100010011011101100000101000011111000100110000100001100111000100110001011100011000000010000001001000000101000000100000000000001111000110100111001100010101
00011111000010010001111000011011011101010001101100010111000010010001001000000111000011000001011101101001000000100000000000000101011101010001100000000011000011010001010000011110000101110000000101100001000110000000110000010111011010100001000000000000000110100000110100000001000000000000101100000100000010010000000101111010000110010000001000000100000100110001101100001110000101110110011100010011000110000000111100010100000100110000000000000101000000110000010100011001000101000111010100000101000000010001111100001100
00001000000000000001101001101111000101000000111000001011000110000001111000000110000011100000101001101001000101000001101000000101011101010000100000011010000011010001011000011010000000110000110100001100011010110001111100011100000001100001001100011111000000100001100100000101000100010000011101110000000111110000010100001110011010000001001000000100000101110001110101100111000000110001001101110000000101100000110100001110000001110001011000010000000010110111000100001101000010100001110000010000000110110001001000001110
01111010000000000000010000011011011101010000010000000111000110010000001000010000011011010000001000000101000011100000001000000100000101000001010001101111000010100001000000000110000001110001100100000000000001100110100100010000000001010000100000011100000100110001101100000101000100010001111000000101000111100110110000011110000001110001101100000010000100000000101100001010011101100000010000011111000110010001001000000010000101010001011100010100000100100000010000011110011001100000011000000100000010100111001100001101
00011111000101000000001000001010011101010001110000001101000001000000001000000101000110010000001000011101000000100001111001110001000101000001010100000110000101010001000000001010000110110110110000001111000011100001100000000110000011110110011000011110000000110001000100000010000001010001111100010001000000010110110000011011000001010001001000011001011000100000101000001000000110100000100000000010000100100110000100010110000000110000001000010100000101000001000000011000011001100000001100001110000000100000011000010011
00001110000001000000001100001010000110000110101000000011000001010001001000000001011011010001001000011100000011100000000000000000000000000001100000000010011001000000101100011110000110110001110100010100000010100000010001110011000111000000100100000011000000110000100000000101000101010001111000010101000000010110110000001001000011010001001101101101000000110000001100000010000000100110011100011101000101100000011000001001000101110000111001110001000001110001110100000101000101110000000000000000000000110111001100001110
00011011000000100001100100001110000110000110101000010100000001110001101100000000000111010001011100001000000100110001011000011100011101010001100000000010000000010001000101101011000001110001100100001000000110000001100000000110000010110000101101101111000110000001011100011111011101000001101100000101000001010001111100001011000111010001011000000000011000100000110100001000000110000001010000010101000101000001010100000010000000100001011000000011011001100001010000000101000100110000011001100001000000000001011000010010
00001111000000000111011100011001000100000000011000001011000111000111011100011011000010000001001000011100000000100111001100011111000110100001011101101111000001110000101000000101000001010000100100000010000111110000110000000111000111110001010001101111000110000001110100000000000000010000111101110000000011010000100000010011000110000001111000011110000000010000011101100111000001110001001000010001000100100001001100000110000000100110001100000001000010010000001100011110000010010111010100010010000010110001011101100011
00001100000000000001101100000110000000010110101000010011000111010001111000000100000110000000101000001000011001110000011100010100000110000000100100000000000101100000010001101011000001010000100100000101011010110000110100011100000001100000100100011101000100110111100000000010000111010001111001110000000010010000010100001111000110110111011100000011000001110001111100010010000100110110011100000001000000100000100000010100000001110001011000010000000010110111000100001001000101010000000101100001000010110000000000010111
01111010000010110001100000000001011101010001110000001101000001000000001000000101000110010000001000011101000000100001111001110001000100000001000000011010000101110110010100001110000000100000010100001111000010000000000000010111000111110000100000011011011101100000111000010100000110000000001100000100011011000001110100001111000000010000011000011000000010110000111101100111000001010000001000010100011101110000010100001000000110100000110000000011011001100000001000000101000100100111010100000101000000010001111100001100
00001000011001010000001100001010000110000001101000001101000110100001011001110101000010000000101000011100000101000111001100000010000111000000110101101111000100100000000000000111000111110001100001100001000010000000011000011101000110010000001100001100000000100001110100000101000000010001100001110000000010000000001100010110000001110000010100001000011000100001101000000010000110110001011100011111000001010000000001100111000100100000110000011101000010010000001100001001011001100000000000010101011011100000001100001100
00001000000101110001100001101111000110010000101100000000000001110000010100010000011011010000101000011001000101000000011000011100011101010001100000001011000011010001010100000010000001010000111100001000011010110000110100011100000001100000100100011101011101100001110100000101000111010000010000010011000001010000100000001111000001100000001101101101000000110000101000001110000001100000111000000011000101000000100001100111000101110000111000010100000100100111000100000000000001110001011100001110000111000001011001100011
00010100000000000000011000011010000100000110101000000110000001110001101100011010000111110000011001101001000001100001111000010100000000010111100100001010000011010001000000011000011101100000010100010001000110000001110000011110011010100000010100000000000110000000101100010100000101110001111000010101000110000001100100001000011010000001100100011000000011110001111100010010000101110000101001110000000100100001010100001110000110000000000000011000000000100000010000000010000100100111010100000101000000010001111100001100
00001000011001010000011000011010000101000000111100010000000010010000001101110101000011000000111000001100000100110111001100010101000110100001010100000000000101100000000001101011000001110001100100001000000110000001100000000110000010110000101101101111000001110000110100011000000001010001111100011001000011010110110000001111000111000111011100011110000010110001101001100111000001110001001000011001000001100001010000001110000101110110001100011111000100110001110000011101000100110001010000001100011011100001101000010011
00001001000100000001101001101111000101000000111000001011000110000001111000000110000011100000101001101001000101100000011000011000000001000000110000000110000001010110010100011111000100110000000100010001000001000001101100010010011010100001011000000000000001000000101000011110011101000000111100011001000110010001111101111010000011010000001100000100000011000000110100001110000100100001001000011110000000110110000100010100000111110001011101110001000010000001111000000010011001100000000100000100000000110000001100001100
00001000000001000111011100011100000111000001111001100010000001000001011000010111000000100001000100001100011001110001001000011101000111000000100000011010000001010000100001101011000001010000010100010101011010110000011100000110000001110001011100011010000101110001010101110001000001010001111100011001000111010001100100010011000010010111011100001110000011010000000000010100000100110000010000000100000100100001010100010010000001000110001100000111000000110001110100000101000100100111010100000101000000010001111100001100
00001000011001010001010000000000000110110001100100000111000010110000001100010000000110010001011000011011011001110000010100011110000110010000110000011111000100000000010000011111000100110000000101100001000000100001100100000000000111110000101101101111000110110001011100010101000111010110101000010001000000000000010100001011000111010001011000000000011000100000001100000110000100010000100100010001000110100110000100010110000000110000001000010100000101000001000000011000011001100001101100000100000111110000011000000110
01111010000101000000001000001110000100000001100000000011000111000111011100011011000010000001001000011100000000100111001100010000000110010001000000011110000100010000010000000110011101100000110100001100000011100001110101110011000110010000001100001011011101100001101100011110000110100001100100010101000011110001100000011111000111000000001000011111011000100001100000000010000110100000111000000100011101110000010000010100000000100110001100011111000010010001111101101100000001110001100100001000000111110000011000000010
00010111011001010000010000001010000100010110101000000111000000010000001000000110011011010000001000000100000000100000011101110001000101100001011000000001000101110000000000001000000000100000100100010101000111100001101101110011000010110000101100001010000000100111100000000100000000000110101000000001000110010000010100001011000111010001111000001100011000100001111100010010000111110001010000000001000000100000000000001010011101100000110100010100000101110000010000001001011001100001010000001101000001110000001000010110
00011011000010000111011100001011000110100000011000001101000110100001001000011000011011010000011100000110000010110001110000000011000100000001010001101111000100000000000000000110000001100000001100010011000010100110100100011101000011110001011100011010000100110111100000011111000100010001101100000101000010010110110000011110000001110001101100000010000100000000101100001010011101100001011100011111000001010001001100001000011101100000101000000001000101010000010000000001011001100001101100001110000000000111001100010101
00010101000010010000001000011111000000010000101100010110000011010001101001110101000110010000011000000100000101110001110000000011000101000111100100001011000010110000100100000100000001000000100100001100011010110000110000000000000111100110011000001110000110100001000100000000000000010000101100011101011011000000110100011110000000010000011100000100000100010000110100001110011101100000001100011111000110110000111000010101000100110110001100000001000010010000001100011110000010010111010100010111000000010001111100010110
00001010000100010001011000011011000100000000011101100010000010010001101100011100000111000001011000001000000010100111001100011000000001010000101000011010000010010110010100000101000000110000000100010000000111100000100000011110011010100000001100011100000000100111100000011111000100010001101100000101000010010110110000001110000011010001101000011101000011010001110000000110011101100000101000010001000100000000111100000110000110110110001100000000000100110001100000011111000101110000000000000000000000110111001100001101
00010101000010110111011100001011000110100000011000001101000110100001001001110101000010000001000000011101011001110001011100011110000110010001011000011101000000010000100001101011000001110001100100000000000011100001101100010010000111100110011000000110000001100000101100000100000110010110101000011101000011010000101100010100000010010001101001101101000011000000101100010110000000110000001001110000000001100001010000001110000001110001011000011000000001110111000100001101000000100001110000010001000001110000000000000000
00010011011001010001100100011010000110000001101100010111000010010001101001110101000010000000101000011100000101000111001100000010000100000001110101101111000001010000100000001110000000100110110000000000000001100000110000000111011010100000011100000011000111110000100100000100000101010000011101110000000110100000100100010110000000010000001101101101000100100000000100010101000001000000100001110000000001100001010000000110000100110001000100010000000100100111000100011111000000110001000101100001000010110001101000010110
00001001011001010000011100000000000001110001100000001101011010000001001100011010000000010000110000011011000000100111001100011111000000000001010000011110000100010000010000000110011101100000001000010100000001100001100000000110000010110000101101101111000100110000101100000101011101000001111100000100011011000000100000010101000001000001100000011111011000100000101100010011000111110000100100010011000111100000010100010010000110000001011101110001000010110001111000001000000011110111010100010010000010110001011101100011
00011110000010100001101100000000000001110000111100001111011010000001100100010000000111000001011000001100011001110001110100010100000001000000110000001010011001000000100100001010000101000000001100010011000011100110100100000000000011110000001001101111000110110001100100010110000110100000101100011101011011000001101000011111000001000001111000011001011000100000101000001000000110100000100000000010011101110000110100000110000101000000110000000011000000110111000100001001000101010000000101100001000000100001001000000001
00010101000101110001001001101111000101000000011100000111000111000111011100000101000000100001000100011011000010000111001100011000000001010000101000011010000010010110010100011101000110010000000000010100000110110001110100010010000111100000001100000010011101100000110000010100000110010001101000011111000111100000110101111010000001010001100000001001000010110110111000000100000110010000100100000011000100100000001000010011000100110001011100000100000101000111000100001001000100100001110000001111000011010001101000000111
00001111000010110000001101101111000001000001111100001011000110110000011000000000000011000000111001101001000010100001110000010101000111000111100100011001000000010000100100000010000000100110110000000101000001000000010100011100000110000110011000001110000100100001000100000001000111010001100100010011000001010110110000001100000001110001101100011000000100100001101000000110000000100000001000011101011101110001001000001110000000100110001100010101000010010001110100000011000101000001000000001100011011100000001000010110
00011011000000000000010100001110000000010110101000000110000001110001101100011010000111110000011001101001000100010001011000011101000111000000110101101111000000010000110000011110000001010110110000000101000001000000010100011100000110000000001100000010011101100001011000010100000001010001111100010101011011000000100100010011000111010000010001101101000011110000000100000011000111110110011100011101000101100000011000001001000101110000111001110001000000110001100000011001000101010111010100001111000110110001111000010010
00001111000001000001101001101111000101000000011000001011000110010000001000010100000000000110001100011000000100100001101000000010000001000000110000001110000010010110010100011110000000100110110000010000000111100000100000010110000110000000011100011011011101100001010100010000000100110000010000010001000000010110110000001011000111010001011000001000000100000000111100010011011101100001010000011001000000110110000100001001000110010000110101110001000100110000010101101100000000100001101000001101000000010000000101100011
00011011000010010001111000011110000000000000101100001111011010000001001000011100000110000001000001101001000000110001110000011101000110100000101101101111000010100001000000000110000001110001100100000000000001100110100100000000000000110001001001101111000100100001011100011101000110110001100001110000000110100000001100010110000111010000011100011001000000110001101000000010000110110110011100010101000000110000100000001001000101010000101000010101000100110001111100011000011001100001101100001110000000000111001100000110
00001110000011000001100100001100000111000000111000010111000001100000001101110101000111010000110000011011000101010001110001110001000111000000100100011100000100010000100001101011000001110001100100001000000110100001110000011010000010110110011000001110000100100001000100000001000111010001100100010011000001010110011001110000011000100111110101100111011010000110010001101101011111000110110101111010011111010110101101101101011111000110100101111011011011000111101101100110011011000111111101101011011001000111100101101001
